------------------------------------------
----- =======[ Load WindUI ]
-------------------------------------------

local Version = "1.6.53"
local WindUI = loadstring(game:HttpGet("https://github.com/Footagesus/WindUI/releases/download/" .. Version .. "/main.lua"))()

-------------------------------------------
----- =======[ GLOBAL FUNCTION ]
-------------------------------------------

local ReplicatedStorage = game:GetService("ReplicatedStorage")
local Players = game:GetService("Players")
local LocalPlayer = Players.LocalPlayer
local net = ReplicatedStorage:WaitForChild("Packages")
	:WaitForChild("_Index")
	:WaitForChild("sleitnick_net@0.2.0")
	:WaitForChild("net")

local rodRemote = net:WaitForChild("RF/ChargeFishingRod")
local miniGameRemote = net:WaitForChild("RF/RequestFishingMinigameStarted")
local finishRemote = net:WaitForChild("RE/FishingCompleted")

local Player = Players.LocalPlayer
local XPBar = Player:WaitForChild("PlayerGui"):WaitForChild("XP")

LocalPlayer.Idled:Connect(function()
    VirtualUser:Button2Down(Vector2.new(0,0), workspace.CurrentCamera.CFrame)
    task.wait(1)
    VirtualUser:Button2Up(Vector2.new(0,0), workspace.CurrentCamera.CFrame)
end)

for i,v in next, getconnections(game:GetService("Players").LocalPlayer.Idled) do
                    v:Disable()
end

task.spawn(function()
    if XPBar then
        XPBar.Enabled = true
    end
end)

local TeleportService = game:GetService("TeleportService")
local PlaceId = game.PlaceId

local function AutoReconnect()
    while task.wait(5) do
        if not Players.LocalPlayer or not Players.LocalPlayer:IsDescendantOf(game) then
            TeleportService:Teleport(PlaceId)
        end
    end
end

Players.LocalPlayer.OnTeleport:Connect(function(state)
    if state == Enum.TeleportState.Failed then
        TeleportService:Teleport(PlaceId)
    end
end)

task.spawn(AutoReconnect)

local ijump = false

local RodIdle = ReplicatedStorage:WaitForChild("Modules"):WaitForChild("Animations"):WaitForChild("ReelingIdle")

local RodShake = ReplicatedStorage:WaitForChild("Modules"):WaitForChild("Animations"):WaitForChild("RodThrow")

local character = Players.LocalPlayer.Character or Players.LocalPlayer.CharacterAdded:Wait()
local humanoid = character:WaitForChild("Humanoid")


local animator = humanoid:FindFirstChildOfClass("Animator") or Instance.new("Animator", humanoid)

local RodShake = animator:LoadAnimation(RodShake)
local RodIdle = animator:LoadAnimation(RodIdle)

local HttpService = game:GetService("HttpService")
local RunService = game:GetService("RunService")


-------------------------------------------
----- =======[ NOTIFY FUNCTION ]
-------------------------------------------

local function NotifySuccess(title, message, duration)
    WindUI:Notify({
        Title = title,
        Content = message,
        Duration = duration,
        Icon = "circle-check"
    })
end

local function NotifyError(title, message, duration)
    WindUI:Notify({
        Title = title,
        Content = message,
        Duration = duration,
        Icon = "ban"
    })
end

local function NotifyInfo(title, message, duration)
    WindUI:Notify({
        Title = title,
        Content = message,
        Duration = duration,
        Icon = "info"
    })
end

local function NotifyWarning(title, message, duration)
    WindUI:Notify({
        Title = title,
        Content = message,
        Duration = duration,
        Icon = "triangle-alert"
    })
end


------------------------------------------
----- =======[ CHECK DATA ]
-----------------------------------------

local CheckData = {
	pasteURL = "https://raw.githubusercontent.com/quietxhub99/raul/refs/heads/main/upd.txt",
	interval = 30,
	kicked = false,
	notified = false
}

local function checkStatus()
	local success, result = pcall(function()
		return game:HttpGet(CheckData.pasteURL)
	end)

	if not success or typeof(result) ~= "string" then
		return
	end

	local response = result:upper():gsub("%s+", "")

	if response == "UPDATE" then
		if not CheckData.kicked then
			CheckData.kicked = true
			LocalPlayer:Kick("QuietXHub Premium Update Available!.")
		end
	elseif response == "LATEST" then
		if not CheckData.notified then
			CheckData.notified = true
			warn("[QuietXHub] Status: Latest version")
		end
	else
		warn("[QuietXHub] Status unknown:", response)
	end
end

checkStatus()

task.spawn(function()
	while not CheckData.kicked do
		task.wait(CheckData.interval)
		checkStatus()
	end
end)


local confirmed = false
WindUI:Popup({
    Title = "Important!",
    Icon = "rbxassetid://129260712070622",
    Content = [[
Thank you for using Premium script!.
Dont be a Stealer!
]],
    Buttons = {
        { Title = "Close", Variant = "Secondary", Callback = function() end },
        { Title = "Next", Variant = "Primary", Callback = function() confirmed = true end },
    }
})

repeat task.wait() until confirmed


-------------------------------------------
----- =======[ LOAD WINDOW ]
-------------------------------------------

WindUI:AddTheme({
    Name = "Blue Ocean",
    Accent = WindUI:Gradient({
        ["0"]   = { Color = Color3.fromHex("#5CC6FF"), Transparency = 0 },
        ["100"] = { Color = Color3.fromHex("#004E92"), Transparency = 0 },
    }, {
        Rotation = 90,
    }),
    Dialog = Color3.fromHex("#0B1E3F"),
    Outline = Color3.fromHex("#D0E7FF"),
    Text = Color3.fromHex("#E6F4FF"),
    Placeholder = Color3.fromHex("#94AFCB"),
    Background = Color3.fromHex("#0A192F"),
    Button = Color3.fromHex("#1E81CE"),
    Icon = Color3.fromHex("#B5DCFF")
})

WindUI.TransparencyValue = 0.3

local Window = WindUI:CreateWindow({
    Title = "Fish It",
    Icon = "crown",
    Author = "by Prince",
    Folder = "QuietXHub",
    Size = UDim2.fromOffset(600, 400),
    Transparent = true,
    Theme = "Blue Ocean",
    KeySystem = false,
    ScrollBarEnabled = true,
    HideSearchBar = true,
    NewElements = true,
    User = {
        Enabled = true,
        Anonymous = false,
        Callback = function()
        end,
    }
})

Window:EditOpenButton({
    Title = "QuietXHub",
    Icon = "crown",
    CornerRadius = UDim.new(0,19),
    StrokeThickness = 2,
    Color = ColorSequence.new(
        Color3.fromHex("21FFE0"), 
        Color3.fromHex("3C84FF")
    ),
    Draggable = true,
})

Window:Tag({
    Title = "PREMIUM VERSION",
    Color = Color3.fromHex("#30ff6a")
})



local ConfigManager = Window.ConfigManager
local myConfig = ConfigManager:CreateConfig("QuietXConfig")

WindUI:SetNotificationLower(true)

WindUI:Notify({
	Title = "QuietXHub",
	Content = "All Features Loaded!",
	Duration = 5,
	Image = "square-check-big"
})

-------------------------------------------
----- =======[ ALL TAB ]
-------------------------------------------

local AllMenu = Window:Section({
	Title = "All Menu Here",
	Icon = "tally-3",
	Opened = false,
})

local AutoFish = AllMenu:Tab({ 
	Title = "Auto Fish", 
	Icon = "fish"
})

local AutoFarmTab = AllMenu:Tab({
	Title = "Auto Farm",
	Icon = "leaf"
})

local Trade = AllMenu:Tab({
	Title = "Trade",
	Icon = "handshake"
})

local Player = AllMenu:Tab({
    Title = "Player",
    Icon = "users-round"
})

local Utils = AllMenu:Tab({
    Title = "Utility",
    Icon = "earth"
})

local FishNotif = AllMenu:Tab({
	Title = "Fish Notification",
	Icon = "bell-ring"
})

local SettingsTab = AllMenu:Tab({ 
	Title = "Settings", 
	Icon = "cog" 
})

if getgenv().AutoRejoinConnection then
    getgenv().AutoRejoinConnection:Disconnect()
    getgenv().AutoRejoinConnection = nil
end

getgenv().AutoRejoinConnection = game:GetService("CoreGui").RobloxPromptGui.promptOverlay.ChildAdded:Connect(function(child)
    task.wait()
    if child.Name == "ErrorPrompt" and child:FindFirstChild("MessageArea") and child.MessageArea:FindFirstChild("ErrorFrame") then
        local TeleportService = game:GetService("TeleportService")
        local Player = game.Players.LocalPlayer
        task.wait(2) 
        TeleportService:Teleport(game.PlaceId, Player)
    end
end)

-------------------------------------------  
    -------------------------------------------  
    ----- =======[ AUTO FISH TAB ]  
    -------------------------------------------
    
    _G.REFishingStopped = ReplicatedStorage.Packages._Index["sleitnick_net@0.2.0"].net["RE/FishingStopped"]
    _G.RFCancelFishingInputs = ReplicatedStorage.Packages._Index["sleitnick_net@0.2.0"].net["RF/CancelFishingInputs"]
    _G.REUpdateChargeState = ReplicatedStorage.Packages._Index["sleitnick_net@0.2.0"].net["RE/UpdateChargeState"]
    
    
    _G.StopFishing = function()
        _G.RFCancelFishingInputs:InvokeServer()
    end
    
    local FuncAutoFish = {
    	REReplicateTextEffect = ReplicatedStorage.Packages._Index["sleitnick_net@0.2.0"].net["RE/ReplicateTextEffect"],
    	autofish5x = false,
    	perfectCast5x = true,
    	fishingActive = false,
    	delayInitialized = false,
    	lastCatchTime5x = 0,
    	CatchLast = tick()
    }
    
    local obtainedFishUUIDs = {}
    local obtainedLimit = 30
    
    
    local RemoteFish = ReplicatedStorage.Packages._Index["sleitnick_net@0.2.0"].net["RE/ObtainedNewFishNotification"]
    RemoteFish.OnClientEvent:Connect(function(_, _, data)
    	if data and data.InventoryItem and data.InventoryItem.UUID then
    		table.insert(obtainedFishUUIDs, data.InventoryItem.UUID)
    	end
    end)
    
    local function sellItems()
    	if #obtainedFishUUIDs > 0 then
    		ReplicatedStorage.Packages._Index["sleitnick_net@0.2.0"].net["RF/SellAllItems"]:InvokeServer()
    	end
    	obtainedFishUUIDs = {}
    end
    
    local function monitorFishThreshold5X()
    	task.spawn(function()
    		while FuncAutoFish.autofish5x do
    			if #obtainedFishUUIDs >= obtainedLimit then
    				NotifyInfo("Fish Threshold Reached", "Selling all fishes...")
    				sellItems()
    				task.wait(0.5)
    			end
    			task.wait(0.5)
    		end
    	end)
    end
    
    
    _G.REFishCaught = ReplicatedStorage.Packages._Index["sleitnick_net@0.2.0"].net["RE/FishCaught"]
    _G.REPlayFishingEffect = ReplicatedStorage.Packages._Index["sleitnick_net@0.2.0"].net["RE/PlayFishingEffect"]
    _G.equipRemote = ReplicatedStorage.Packages._Index["sleitnick_net@0.2.0"].net["RE/EquipToolFromHotbar"]
    
    _G.isSpamming = false
    _G.spamThread = nil 
    _G.COOLDOWN_SECONDS = 10
    _G.lastRecastTime = 0
    _G.DELAY_ANTISTUCK = 10
    _G.RECAST_DELAY = 0.9
    
    
    function _G.startSpam()
    	if _G.isSpamming then return end
    	_G.isSpamming = true
    	_G.spamThread = task.spawn(function()
    		while _G.isSpamming do
    			finishRemote:FireServer()
    			task.wait(0.01)
    		end
    	end)
    end
    
    function _G.stopSpam()
    	_G.isSpamming = false
    end
    
    
    FuncAutoFish.REReplicateTextEffect.OnClientEvent:Connect(function(data)
    	if FuncAutoFish.autofish5x 
    	and data and data.TextData 
    	and data.TextData.EffectType == "Exclaim" then
    		local myHead = Players.LocalPlayer.Character and Players.LocalPlayer.Character:FindFirstChild("Head")
    		if myHead and data.Container == myHead then
    			_G.startSpam()
    		end
    	end
    end)
    
    _G.REFishCaught.OnClientEvent:Connect(function(fishName, info)
    	_G.stopSpam()
    end)
    
    
    _G.REFishCaught.OnClientEvent:Connect(function(fishName, info)
    	FuncAutoFish.lastCatchTime5x = tick()
    	FuncAutoFish.CatchLast5x = tick()	
        
    	if FuncAutoFish.autofish5x then
    		task.defer(function()
    			StartCast5X()
    		end)
    	end
    end)
    
    _G.REPlayFishingEffect.OnClientEvent:Connect(function(player, head, type)
        if FuncAutoFish.autofish5x and player == Players.LocalPlayer then
            
            task.spawn(function() 
    
                if tick() < _G.lastRecastTime + _G.COOLDOWN_SECONDS then
                    return 
                end
                
                _G.lastRecastTime = tick()
              
                
                task.wait(_G.RECAST_DELAY)
                StopCast()
                task.defer(StartCast5X)
    
            end)
        end
    end)
    
    
    
    
    function StartCast5X()
        task.spawn(function()
            local timestamp = workspace:GetServerTimeNow()
            
            _G.chargeRemote = ReplicatedStorage.Packages._Index["sleitnick_net@0.2.0"].net["RF/ChargeFishingRod"]
            
            local x, y
            local baseX, baseY = -0.7499996423721313, 1
            
            if FuncAutoFish.perfectCast5x then
                x, y = baseX, baseY
            else
                x = math.random(-1000, 1000) / 1000
                y = math.random(0, 1000) / 1000
            end
            
            for i = 1, 7 do
                _G.chargeRemote:InvokeServer(timestamp)
               task.wait(0.05) 
            end
            RodShake:Play()
            
            task.wait(0.05)
    
            for i = 1, 7 do
                miniGameRemote:InvokeServer(x, y)
                task.wait(0.05)
            end
            RodIdle:Play()
        end)
    end
    
    function StopCast()
    	_G.StopFishing()
    end
    
    
    function StartAutoFish5X()
    	FuncAutoFish.autofish5x = true
    	updateDelayBasedOnRod = true
    	monitorFishThreshold5X()
    	_G.lastRecastTime = tick()
    	_G.equipRemote:FireServer(1)
    	task.wait(0.05)
    	StartCast5X()
    	StartAutoFishMonitor5x()
    end
    
    function StopAutoFish5X()
    	FuncAutoFish.autofish5x = false
    	FuncAutoFish.delayInitialized = false
    	_G.StopFishing()
    	StopAutoFishMonitor5x()
    end
    
    
    
    _G.AutoFishMonitor5x = _G.AutoFishMonitor5x or { Running = false }
    
    function StartAutoFishMonitor5x()
    	if _G.AutoFishMonitor5x.Running then return end
    	_G.AutoFishMonitor5x.Running = true
    
    	task.spawn(function()
    		while _G.AutoFishMonitor5x.Running do
    			task.wait(1)
    
    			if FuncAutoFish and FuncAutoFish.autofish5x then
    				local idle = tick() - (FuncAutoFish.CatchLast5x or tick())
    				if idle >= _G.DELAY_ANTISTUCK then
    					NotifyWarning("Auto Fish", string.format("No fish caught for %.0f seconds, restarting...", idle))
    					StopAutoFish5X()
    					repeat task.wait(0.5)
    					until not FuncAutoFish.autofish5x
    
    					task.wait(3)
    					StartAutoFish5X()
    					FuncAutoFish.CatchLast5x = tick()
    					NotifySuccess("Auto Fish", "Restarted successfully")
    				end
    			else
    				task.wait(2)
    			end
    		end
    	end)
    end
    
    function StopAutoFishMonitor5x()
    	_G.AutoFishMonitor5x.Running = false
    end
    
    _G.FishSec = AutoFish:Section({
    	Title = "Auto Fishing 5X Speed",
    	TextSize = 22,
    	TextXAlignment = "Center",
    	Opened = true
    })
    
    _G.RecastCD = _G.FishSec:Slider({
        Title = "Recast Cooldown",
        Step = 1,
        Value = {
            Min = 5,
            Max = 100000000000,
            Default = _G.COOLDOWN_SECONDS,
        },
        Callback = function(value)
            _G.COOLDOWN_SECONDS = value
        end
    })
    
    myConfig:Register("CDRecast", _G.RecastCD)
    
    _G.Delay5X = _G.FishSec:Slider({
        Title = "Recast Delay",
        Step = 0.1,
        Value = {
            Min = 0.5,
            Max = 100000000,
            Default = _G.RECAST_DELAY,
        },
        Callback = function(value)
            _G.RECAST_DELAY_V2 = value
        end
    })
    
    myConfig:Register("DelaySpeed", _G.Delay5X)
    
    _G.Delay5X = _G.FishSec:Slider({
        Title = "Anti Stuck Delay",
        Step = 1,
        Value = {
            Min = 1,
            Max = 100,
            Default = _G.DELAY_ANTISTUCK,
        },
        Callback = function(value)
            _G.DELAY_ANTISTUCK = value
        end
    })

_G.BNSell = true
local FishThres = _G.FishSec:Input({
	Title = "Sell Threshold",
	Placeholder = "Example: 1500",
	Callback = function(value)
	  if _G.BNSell then
			_G.BNSell = false
			return
		end	
		local number = tonumber(value)
		if number then
			obtainedLimit = number
			NotifySuccess("Threshold Set", "Fish threshold set to " .. number)
		else
			NotifyError("Invalid Input", "Failed to convert input to number.")
		end
	end,
})

myConfig:Register("FishThreshold", FishThres)

_G.AutoFishes = _G.FishSec:Toggle({
	Title = "Auto Fish",
	Callback = function(value)
		if value then
			StartAutoFish()
		else
			StopAutoFish()
		end
	end
})

myConfig:Register("AutoFish", _G.AutoFishes)

_G.FishSec:Space()

_G.REReplicateCutscene = ReplicatedStorage.Packages._Index["sleitnick_net@0.2.0"].net["RE/ReplicateCutscene"]

_G.FishSec:Space()

_G.FishSec:Button({
    Title = "Stop Fishing",
    Locked = false,
    Justify = "Center",
    Icon = "",
    Callback = function()
        _G.StopFishing()
        RodIdle:Stop()
        RodIdle:Stop()
    end
})

_G.FishSec:Space()

local PerfectCast = _G.FishSec:Toggle({
    Title = "Auto Perfect Cast",
    Value = true,
    Callback = function(value)
        FuncAutoFish.perfectCast = value
    end
})
myConfig:Register("Prefect", PerfectCast)

local REEquipItem = ReplicatedStorage.Packages._Index["sleitnick_net@0.2.0"].net["RE/EquipItem"]
local RFSellItem = ReplicatedStorage.Packages._Index["sleitnick_net@0.2.0"].net["RF/SellItem"]

local autoSellMythic = false
local SMBlockNotif = true

function ToggleAutoSellMythic(state)
	if SMBlockNotif then
		SMBlockNotif = false
		return
	end
	autoSellMythic = state
	if autoSellMythic then
		NotifySuccess("AutoSellMythic", "Status: ON")
	else
		NotifyWarning("AutoSellMythic", "Status: OFF")
	end
end

local oldFireServer
oldFireServer = hookmetamethod(game, "__namecall", function(self, ...)
	local args = {...}
	local method = getnamecallmethod()

	if autoSellMythic
		and method == "FireServer"
		and self == REEquipItem
		and typeof(args[1]) == "string"
		and args[2] == "Fishes" then

		local uuid = args[1]

		task.delay(1, function()
			pcall(function()
				local result = RFSellItem:InvokeServer(uuid)
				if result then
					NotifySuccess("AutoSellMythic", "Items Sold!!")
				else
					NotifyError("AutoSellMythic", "Failed to sell item!!")
				end
			end)
		end)
	end

	return oldFireServer(self, ...)
end)

_G.FishSec:Toggle({
	Title = "Auto Sell Mythic",
	Desc = "Automatically sells clicked fish",
	Default = false,
	Callback = function(state)
		ToggleAutoSellMythic(state)
	end
})


function sellAllFishes()
	local charFolder = workspace:FindFirstChild("Characters")
	local char = charFolder and charFolder:FindFirstChild(LocalPlayer.Name)
	local hrp = char and char:FindFirstChild("HumanoidRootPart")
	if not hrp then
		NotifyError("Character Not Found", "HRP tidak ditemukan.")
		return
	end

	local originalPos = hrp.CFrame
	local sellRemote = net:WaitForChild("RF/SellAllItems")

	task.spawn(function()
		NotifyInfo("Selling...", "I'm going to sell all the fish, please wait...", 3)

		task.wait(1)
		local success, err = pcall(function()
			sellRemote:InvokeServer()
		end)

		if success then
			NotifySuccess("Sold!", "All the fish were sold successfully.", 3)
		else
			NotifyError("Sell Failed", tostring(err, 3))
		end

	end)
end

_G.FishSec:Space()

_G.FishSec:Button({
    Title = "Sell All Fishes",
    Locked = false,
    Justify = "Center",
    Icon = "",
    Callback = function()
        sellAllFishes()
    end
})

_G.FishSec:Space()

_G.FishSec:Button({
    Title = "Auto Enchant Rod",
    Justify = "Center",
    Icon = "",
    Callback = function()
        local ENCHANT_POSITION = Vector3.new(3231, -1303, 1402)
		local char = workspace:WaitForChild("Characters"):FindFirstChild(LocalPlayer.Name)
		local hrp = char and char:FindFirstChild("HumanoidRootPart")

		if not hrp then
			NotifyError("Auto Enchant Rod", "Failed to get character HRP.")
			return
		end

		NotifyInfo("Preparing Enchant...", "Please manually place Enchant Stone into slot 5 before we begin...", 5)

		task.wait(3)

		local Player = game:GetService("Players").LocalPlayer
		local slot5 = Player.PlayerGui.Backpack.Display:GetChildren()[10]

		local itemName = slot5 and slot5:FindFirstChild("Inner") and slot5.Inner:FindFirstChild("Tags") and slot5.Inner.Tags:FindFirstChild("ItemName")

		if not itemName or not itemName.Text:lower():find("enchant") then
			NotifyError("Auto Enchant Rod", "Slot 5 does not contain an Enchant Stone.")
			return
		end

		NotifyInfo("Enchanting...", "It is in the process of Enchanting, please wait until the Enchantment is complete", 7)

		local originalPosition = hrp.Position
		task.wait(1)
		hrp.CFrame = CFrame.new(ENCHANT_POSITION + Vector3.new(0, 5, 0))
		task.wait(1.2)

		local equipRod = net:WaitForChild("RE/EquipToolFromHotbar")
		local activateEnchant = net:WaitForChild("RE/ActivateEnchantingAltar")

		pcall(function()
			equipRod:FireServer(5)
			task.wait(0.5)
			activateEnchant:FireServer()
			task.wait(7)
			NotifySuccess("Enchant", "Successfully Enchanted!", 3)
		end)

		task.wait(0.9)
		hrp.CFrame = CFrame.new(originalPosition + Vector3.new(0, 3, 0))
    end
})

_G.FishSec:Space()

-------------------------------------------
----- =======[ AUTO FARM TAB ]
-------------------------------------------


local floatPlatform = nil

local function floatingPlat(enabled)
	if enabled then
			local charFolder = workspace:WaitForChild("Characters", 5)
			local char = charFolder:FindFirstChild(LocalPlayer.Name)
			if not char then return end

			local hrp = char:FindFirstChild("HumanoidRootPart")
			if not hrp then return end

			floatPlatform = Instance.new("Part")
			floatPlatform.Anchored = true
			floatPlatform.Size = Vector3.new(10, 1, 10)
			floatPlatform.Transparency = 1
			floatPlatform.CanCollide = true
			floatPlatform.Name = "FloatPlatform"
			floatPlatform.Parent = workspace

			task.spawn(function()
				while floatPlatform and floatPlatform.Parent do
					pcall(function()
						floatPlatform.Position = hrp.Position - Vector3.new(0, 3.5, 0)
					end)
					task.wait(0.1)
				end
			end)

			NotifySuccess("Float Enabled", "This feature has been successfully activated!")
		else
			if floatPlatform then
				floatPlatform:Destroy()
				floatPlatform = nil
			end
			NotifyWarning("Float Disabled", "Feature disabled")
		end
end

  
  
local workspace = game:GetService("Workspace")  

local BlockEnabled = false 

local function createLocalBlock(size, position, color)    
    local part = Instance.new("Part")    
    part.Size = size or Vector3.new(5, 1, 5)    
    part.Position = position or (LocalPlayer.Character and LocalPlayer.Character.HumanoidRootPart.Position + Vector3.new(0, -3, 0)) or Vector3.new(0,5,0)    
    part.Anchored = true    
    part.CanCollide = true
    part.Color = color or Color3.fromRGB(0, 0, 255)    
    part.Material = Enum.Material.ForceField    
    part.Name = "LocalBlock"    
    part.Parent = workspace    
    return part    
end    


local function createBlockUnderPlayer()    
    if LocalPlayer.Character and LocalPlayer.Character:FindFirstChild("HumanoidRootPart") then    
        local hrp = LocalPlayer.Character.HumanoidRootPart    
        if workspace:FindFirstChild("LocalBlock") then
            workspace.LocalBlock:Destroy()
        end
        createLocalBlock(Vector3.new(6,1,6), hrp.Position - Vector3.new(0, 3, 0), Color3.fromRGB(0,0,255))    
    end    
end    


local function ToggleBlockOnce(state)
    BlockEnabled = state
    if state then
        createBlockUnderPlayer()
    else
        if workspace:FindFirstChild("LocalBlock") then
            workspace.LocalBlock:Destroy()
        end
    end
end

local knownEvents = {}

local eventCodes = {
	["1"] = "Ghost Shark Hunt",
	["2"] = "Shark Hunt",
	["3"] = "Worm Hunt",
	["4"] = "Black Hole",
	["5"] = "Meteor Rain",
	["6"] = "Ghost Worm",
	["7"] = "Shocked",
	["8"] = "Megalodon Hunt",
}

local autoTPEvent = false
local savedCFrame = nil
local alreadyTeleported = false
local teleportTime = nil
local selectedEvent = nil

local function teleportTo(position)
	local char = workspace:FindFirstChild("Characters"):FindFirstChild(LocalPlayer.Name)
	if char and char:FindFirstChild("HumanoidRootPart") then
		char.HumanoidRootPart.CFrame = CFrame.new(position + Vector3.new(0, 20, 0))
	end
end

local function saveOriginalPosition()
	local char = workspace:FindFirstChild("Characters"):FindFirstChild(LocalPlayer.Name)
	if char and char:FindFirstChild("HumanoidRootPart") then
		savedCFrame = char.HumanoidRootPart.CFrame
	end
end

local function returnToOriginalPosition()
	if savedCFrame then
		local char = workspace:FindFirstChild("Characters"):FindFirstChild(LocalPlayer.Name)
		if char and char:FindFirstChild("HumanoidRootPart") then
			char.HumanoidRootPart.CFrame = savedCFrame
		end
	end
end

local function findEventModel(eventName)
    local menuRings = workspace:FindFirstChild("!!! MENU RINGS")
    if menuRings and menuRings:FindFirstChild("Props") then
        local props = menuRings.Props
        local eventModel = props:FindFirstChild(eventName)
        
        if eventModel and eventModel:IsA("Model") then
            if eventName == "Megalodon Hunt" then
                local colorPart = eventModel:FindFirstChild("Color")
                if colorPart and colorPart:IsA("BasePart") then
                    return colorPart
                end
            end

            if eventName == "Worm Hunt" or eventName == "Ghost Worm" then
                for _, part in ipairs(eventModel:GetDescendants()) do
                    if part:IsA("BasePart") then
                        local linkedEvent = part:GetAttribute("LinkedEvent")
                        if linkedEvent and typeof(linkedEvent) == "string" then
                            if eventName:find("Ghost Worm") and linkedEvent:find("Admin - Ghost Worm") then
                                return part
                            elseif eventName == "Worm Hunt" and linkedEvent:find("Worm Hunt") then
                                return part
                            end
                        end
                    end
                end
            end

            if eventModel.PrimaryPart then
                return eventModel.PrimaryPart
            end
            local firstPart = eventModel:FindFirstChildWhichIsA("BasePart", true)
            if firstPart then
                return firstPart
            end
        end
    end


    for _, obj in ipairs(workspace:GetChildren()) do
        if obj.Name:match("^Props") then
            for _, child in ipairs(obj:GetChildren()) do
                if child:IsA("Model") and child.Name == eventName then
                    if eventName == "Megalodon Hunt" then
                        local colorPart = child:FindFirstChild("Color")
                        if colorPart and colorPart:IsA("BasePart") then
                            return colorPart
                        end
                    end
                    if eventName == "Worm Hunt" or eventName == "Ghost Worm" then
                        for _, part in ipairs(child:GetDescendants()) do
                            if part:IsA("BasePart") then
                                local linkedEvent = part:GetAttribute("LinkedEvent")
                                if linkedEvent and typeof(linkedEvent) == "string" then
                                    if eventName:find("Ghost Worm") and linkedEvent:find("Admin - Ghost Worm") then
                                        return part
                                    elseif eventName == "Worm Hunt" and linkedEvent:find("Worm Hunt") then
                                        return part
                                    end
                                end
                            end
                        end
                    end
                    if child.PrimaryPart then
                        return child.PrimaryPart
                    end
                    local firstPart = child:FindFirstChildWhichIsA("BasePart", true)
                    if firstPart then
                        return firstPart
                    end
                end
            end
        end
    end
    return nil
end

-- loop utama
local function monitorAutoTP()
	while true do
		if autoTPEvent and selectedEvent then
			local eventModel = findEventModel(selectedEvent)

			if eventModel and not alreadyTeleported then
				saveOriginalPosition()

				local targetPos
				if eventModel:IsA("BasePart") then
					targetPos = eventModel.Position
				elseif eventModel:IsA("Model") then
					targetPos = eventModel:GetPivot().Position
				end

				if targetPos then
					teleportTo(targetPos)
					if typeof(ToggleBlockOnce) == "function" then
						ToggleBlockOnce(true)
					end
					alreadyTeleported = true
					teleportTime = tick()
					NotifySuccess("Event Farm", "Teleported to: " .. selectedEvent)
				end

			elseif alreadyTeleported then
				-- timeout 15 menit
				if teleportTime and (tick() - teleportTime >= 900) then
					returnToOriginalPosition()
					if typeof(ToggleBlockOnce) == "function" then
						ToggleBlockOnce(false)
					end
					alreadyTeleported = false
					teleportTime = nil
					NotifyInfo("Event Timeout", "Returned after 15 minutes.")
				-- event hilang
				elseif not eventModel then
					returnToOriginalPosition()
					if typeof(ToggleBlockOnce) == "function" then
						ToggleBlockOnce(false)
					end
					alreadyTeleported = false
					teleportTime = nil
					NotifyInfo("Event Ended", "Returned to start position.")
				end
			end

		else
			-- autoTP mati
			if alreadyTeleported then
				returnToOriginalPosition()
				if typeof(ToggleBlockOnce) == "function" then
					ToggleBlockOnce(false)
				end
				alreadyTeleported = false
				teleportTime = nil
			end
		end
		task.wait(1)
	end
end

task.spawn(monitorAutoTP)

local selectedIsland = "09"
local isAutoFarmRunning = false

local islandCodes = {
    ["01"] = "Crater Islands",
    ["02"] = "Tropical Grove",
    ["03"] = "Vulcano",
    ["04"] = "Coral Reefs",
    ["05"] = "Winter",
    ["06"] = "Machine",
    ["07"] = "Treasure Room",
    ["08"] = "Sisyphus Statue",
    ["09"] = "Fisherman Island",
    ["10"] = "Esoteric Depths",
    ["11"] = "Kohana",
    ["12"] = "Underground Cellar",
    ["13"] = "Ancient Jungle",
    ["14"] = "Secret Farm Ancient",
    ["15"] = "The Temple (Unlock First)",
    ["16"] = "Hallowen Bay"
}

local farmLocations = {
    ["Crater Islands"] = {
    	CFrame.new(1066.1864, 57.2025681, 5045.5542, -0.682534158, 1.00865822e-08, 0.730853677, -5.8900711e-09, 1, -1.93017531e-08, -0.730853677, -1.74788859e-08, -0.682534158),
    	CFrame.new(1057.28992, 33.0884132, 5133.79883, 0.833871782, 5.44149223e-08, 0.551958203, -6.58184218e-09, 1, -8.86416984e-08, -0.551958203, 7.02829084e-08, 0.833871782),
    	CFrame.new(988.954712, 42.8254471, 5088.71289, -0.849417388, -9.89310394e-08, 0.527721584, -5.96115086e-08, 1, 9.15179328e-08, -0.527721584, 4.62786431e-08, -0.849417388),
    	CFrame.new(1006.70685, 17.2302666, 5092.14844, -0.989664078, 5.6538525e-09, -0.143405005, 9.14879283e-09, 1, -2.3711717e-08, 0.143405005, -2.47786183e-08, -0.989664078),
    	CFrame.new(1025.02356, 2.77259707, 5011.47021, -0.974474192, -6.87871804e-08, 0.224499553, -4.47472104e-08, 1, 1.12170284e-07, -0.224499553, 9.92613209e-08, -0.974474192),
    	CFrame.new(1071.14551, 3.528404, 5038.00293, -0.532300115, 3.38677708e-08, 0.84655571, 6.69992914e-08, 1, 2.12149165e-09, -0.84655571, 5.7847906e-08, -0.532300115),
    	CFrame.new(1022.55457, 16.6277809, 5066.28223, 0.721996129, 0, -0.691897094, 0, 1, 0, 0.691897094, 0, 0.721996129),
    },
    ["Tropical Grove"] = {
    	CFrame.new(-2165.05469, 2.77070165, 3639.87451, -0.589090407, -3.61497356e-08, -0.808067143, -3.20645626e-08, 1, -2.13606164e-08, 0.808067143, 1.3326984e-08, -0.589090407)
    },
    ["Vulcano"] = {
    	CFrame.new(-701.447937, 48.1446075, 93.1546631, -0.0770962164, 1.34335654e-08, -0.997023642, 9.84464776e-09, 1, 1.27124169e-08, 0.997023642, -8.83526763e-09, -0.0770962164),
    	CFrame.new(-654.994934, 57.2567711, 75.098526, -0.540957272, 2.58946509e-09, -0.841050088, -7.58775585e-08, 1, 5.18827363e-08, 0.841050088, 9.1883166e-08, -0.540957272),
    },
    ["Coral Reefs"] = {
    	CFrame.new(-3118.39624, 2.42531538, 2135.26392, 0.92336154, -1.0069185e-07, -0.383931547, 8.0607947e-08, 1, -6.84016968e-08, 0.383931547, 3.22115596e-08, 0.92336154),
    },
    ["Winter"] = {
    	CFrame.new(2036.15308, 6.54998732, 3381.88916, 0.943401575, 4.71338666e-08, -0.331652641, -3.28136842e-08, 1, 4.87781051e-08, 0.331652641, -3.51345975e-08, 0.943401575),
    },
    ["Machine"] = {
    	CFrame.new(-1459.3772, 14.7103214, 1831.5188, 0.777951121, 2.52131862e-08, -0.628324807, -5.24126378e-08, 1, -2.47663063e-08, 0.628324807, 5.21991339e-08, 0.777951121)
    },
    ["Treasure Room"] = {
    	CFrame.new(-3625.0708, -279.074219, -1594.57605, 0.918176472, -3.97606392e-09, -0.396171629, -1.12946204e-08, 1, -3.62128851e-08, 0.396171629, 3.77244298e-08, 0.918176472),
    	CFrame.new(-3600.72632, -276.06427, -1640.79663, -0.696130812, -6.0491181e-09, 0.717914939, -1.09490363e-08, 1, -2.19084972e-09, -0.717914939, -9.38559541e-09, -0.696130812),
    	CFrame.new(-3548.52222, -269.309845, -1659.26685, 0.0472991578, -4.08685423e-08, 0.998880744, -7.68598838e-08, 1, 4.45538149e-08, -0.998880744, -7.88812216e-08, 0.0472991578),
    	CFrame.new(-3581.84155, -279.09021, -1696.15637, -0.999634147, -0.000535600528, -0.0270430837, -0.000448358158, 0.999994695, -0.00323198596, 0.0270446707, -0.00321867829, -0.99962908),
    	CFrame.new(-3601.34302, -282.790955, -1629.37036, -0.526346684, 0.00143659476, 0.850268841, -0.000266355521, 0.999998271, -0.00185445137, -0.850269973, -0.00120255165, -0.526345372)
    },
    ["Sisyphus Statue"] = {
    	CFrame.new(-3777.43433, -135.074417, -975.198975, -0.284491211, -1.02338751e-08, -0.958678663, 6.38407585e-08, 1, -2.96199456e-08, 0.958678663, -6.96293867e-08, -0.284491211),
    	CFrame.new(-3697.77124, -135.074417, -886.946411, 0.979794085, -9.24526766e-09, 0.200008959, 1.35701708e-08, 1, -2.02526174e-08, -0.200008959, 2.25575487e-08, 0.979794085),
    	CFrame.new(-3764.021, -135.074417, -903.742493, 0.785813689, -3.05788426e-08, -0.618463278, -4.87374336e-08, 1, -1.11368585e-07, 0.618463278, 1.17657272e-07, 0.785813689)
    },
    ["Fisherman Island"] = {
    	CFrame.new(-75.2439423, 3.24433279, 3103.45093, -0.996514142, -3.14880424e-08, -0.0834242329, -3.84156422e-08, 1, 8.14354024e-08, 0.0834242329, 8.43563228e-08, -0.996514142),
    	CFrame.new(-162.285294, 3.26205397, 2954.47412, -0.74356699, -1.93168272e-08, -0.668661416, 1.03873425e-08, 1, -4.04397653e-08, 0.668661416, -3.70152904e-08, -0.74356699),
    	CFrame.new(-69.8645096, 3.2620542, 2866.48096, 0.342575252, 8.79649331e-09, 0.939490378, 4.78986739e-10, 1, -9.53770485e-09, -0.939490378, 3.71738529e-09, 0.342575252),
    	CFrame.new(247.130951, 2.47001815, 3001.72412, -0.724809051, -8.27166033e-08, -0.688949764, -8.16509669e-08, 1, -3.41610367e-08, 0.688949764, 3.14931867e-08, -0.724809051)
    },
    ["Esoteric Depths"] = {
    	CFrame.new(3253.26099, -1293.7677, 1435.24756, 0.21652025, -3.88184027e-08, -0.976278126, 1.20091812e-08, 1, -3.70982107e-08, 0.976278126, -3.69178754e-09, 0.21652025),
    	CFrame.new(3299.66333, -1302.85474, 1370.98621, -0.440755099, -5.91509552e-09, 0.897627413, -2.5926683e-09, 1, 5.31664224e-09, -0.897627413, 1.60869356e-11, -0.440755099),
    	CFrame.new(3250.94531, -1302.85547, 1324.77942, -0.998184919, 5.84032058e-08, 0.0602233484, 5.50187451e-08, 1, -5.78567096e-08, -0.0602233484, -5.44382814e-08, -0.998184919),
    	CFrame.new(3219.16309, -1294.03394, 1364.41492, 0.676777482, -4.18104094e-08, -0.736187637, 8.28715798e-08, 1, 1.93907237e-08, 0.736187637, -7.41322381e-08, 0.676777482)
    },
    ["Kohana"] = {
    	CFrame.new(-921.516602, 24.5000591, 373.572754, -0.315036476, -3.65496575e-08, -0.949079573, -2.09816324e-08, 1, -3.15460156e-08, 0.949079573, 9.97509186e-09, -0.315036476),
    	CFrame.new(-821.466125, 18.0640106, 442.570953, 0.502961993, 3.55151641e-08, 0.864308536, -2.61714685e-08, 1, -2.58610324e-08, -0.864308536, -9.61310764e-09, 0.502961993),
    	CFrame.new(-656.069275, 17.2500572, 450.77124, 0.899714053, -3.28262595e-09, -0.436479777, -5.17725418e-09, 1, -1.81925373e-08, 0.436479777, 1.86278477e-08, 0.899714053),
    	CFrame.new(-584.202759, 17.2500572, 459.276672, 0.0987685546, 5.48308599e-09, 0.995110452, -6.92575881e-08, 1, 1.36405531e-09, -0.995110452, -6.90536694e-08, 0.0987685546),
    },
    ["Underground Cellar"] = {
    	CFrame.new(2159.65723, -91.198143, -730.99707, -0.392579645, -1.64555736e-09, 0.919718027, 4.08579943e-08, 1, 1.92293435e-08, -0.919718027, 4.51268818e-08, -0.392579645),
    	CFrame.new(2114.22144, -91.1976471, -732.656738, -0.543168366, -3.4070105e-08, -0.839623809, 2.10003783e-08, 1, -5.41633582e-08, 0.839623809, -4.70522394e-08, -0.543168366),
    	CFrame.new(2134.35767, -91.1985855, -698.182983, 0.989448071, -1.28799131e-08, -0.144888103, 2.66212989e-08, 1, 9.29025887e-08, 0.144888103, -9.57793915e-08, 0.989448071),
    },
    ["Ancient Jungle"] = {
    	CFrame.new(1515.67676, 25.5616989, -306.595856, 0.763029754, -8.87780942e-08, 0.646363378, 5.24343307e-08, 1, 7.5451581e-08, -0.646363378, -2.36801707e-08, 0.763029754),
    	CFrame.new(1489.29553, 6.23855162, -342.620209, -0.831362545, 6.32348289e-08, -0.555730462, 7.59748353e-09, 1, 1.02421176e-07, 0.555730462, 8.09269736e-08, -0.831362545),
    	CFrame.new(1467.59143, 7.2090292, -324.716827, -0.086521171, 2.06461745e-08, -0.996250033, -4.92800183e-08, 1, 2.50037022e-08, 0.996250033, 5.12585707e-08, -0.086521171),
    },
    ["Secret Farm Ancient"] = {
    	CFrame.new(2110.91431, -58.1463356, -732.848816, 0.0894816518, -9.7328666e-08, -0.995988488, 5.18647809e-08, 1, -9.30610398e-08, 0.995988488, -4.3329468e-08, 0.0894816518)
    },
    ["The Temple (Unlock First)"] = {
    	CFrame.new(1479.11865, -22.1250019, -662.669373, 0.161120579, -2.03902815e-08, -0.986934721, -3.03227985e-08, 1, -2.56105164e-08, 0.986934721, 3.40530022e-08, 0.161120579),
    	CFrame.new(1465.41211, -22.1250019, -670.940002, -0.21706377, -2.10148947e-08, 0.976157427, 3.29077707e-08, 1, 2.88457365e-08, -0.976157427, 3.83845311e-08, -0.21706377),
    	CFrame.new(1470.30334, -12.2246475, -587.052612, -0.101084575, -9.68974163e-08, 0.994877815, -1.47451953e-08, 1, 9.5898109e-08, -0.994877815, -4.97584818e-09, -0.101084575),
    	CFrame.new(1451.19983, -22.1250019, -621.852478, -0.986927867, 8.68970318e-09, -0.161162451, 9.61592317e-09, 1, -4.96716179e-09, 0.161162451, -6.4519563e-09, -0.986927867),
    	CFrame.new(1499.44788, -22.1250019, -628.441711, -0.985374331, 7.20484294e-08, -0.170403719, 8.45688035e-08, 1, -6.62162876e-08, 0.170403719, -7.9658669e-08, -0.985374331)
    },
    ["Hallowen Bay"] = {
    	CFrame.new(2105.58081, 81.0309219, 3298.1272, -0.224424303, 1.09558606e-07, -0.974491537, 4.02455669e-08, 1, 1.03157923e-07, 0.974491537, -1.60678173e-08, -0.224424303),
    	CFrame.new(2145.21313, 80.654747, 3337.37964, 0.95964092, 2.26037873e-08, 0.281228244, 8.77089373e-11, 1, -8.06745319e-08, -0.281228244, 7.74432465e-08, 0.95964092),
    	CFrame.new(2107.62061, 79.7328796, 3328.46313, 0.713486373, 4.63640433e-08, -0.70066911, -2.2098936e-08, 1, 4.36679102e-08, 0.70066911, -1.56724163e-08, 0.713486373)
    }
}

local function startAutoFarmLoop()
    NotifySuccess("Auto Farm Enabled", "Fishing started on island: " .. selectedIsland)

    while isAutoFarmRunning do  
        local islandSpots = farmLocations[selectedIsland]  
        if type(islandSpots) == "table" and #islandSpots > 0 then  
            location = islandSpots[math.random(1, #islandSpots)]  
        else  
            location = islandSpots  
        end  

        if not location then  
            NotifyError("Invalid Island", "Selected island name not found.")  
            return  
        end  

